2.92316780641	2.84172903887	3	-0.0814387675408	1.06133845253	1.04640988819	1.01129799731	1.00151070836	1.00155515292	1.07078661567	1.05868653154	1.09177102341	1.0600022837	1.05509532707	1.06039299575	1.05506084282	1.05205389007	1.03767478548	-0.0883770273786	-0.22088971226	-0.16899958237	-0.164735361097	-0.407352415556	-0.266890487411	-0.266825232696	-0.316151567986	-0.337326919186	-0.374614280758	-0.415305239073	-0.409106569349	-0.37379893928	0.970561402736	0.922500785461	-0.675270853563	0.111323208541	1.04763096381	0.938165071219	
2.26178030211	2.60807330575	3	0.346293003643	1.06065966821	1.04568558215	1.01080056088	1.00062790837	1.00072850999	1.07162637967	1.05736446385	1.09054213134	1.05867234322	1.05373746298	1.05873483503	1.0556435067	1.05253930851	1.03732646088	-0.0885227280223	-0.221410798409	-0.169402142703	-0.165115446719	-0.410574824173	-0.267300977908	-0.267429277155	-0.316697086181	-0.337821794198	-0.375308403136	-0.417964218679	-0.411648386735	-0.374769124712	0.970042875354	0.920957011106	-0.678774795612	0.112012646189	1.04987608326	0.938455904012	
2.35725864165	2.5449746377	3	0.18771599605	1.05969586741	1.04453466483	1.00931674594	0.999519648413	0.999530085146	1.0699633007	1.05637534678	1.08941133907	1.05776650605	1.05278667274	1.05823001002	1.05382892429	1.05096066675	1.03613024075	-0.0889460959648	-0.22224807561	-0.170208185602	-0.165809652509	-0.411530830801	-0.268733372448	-0.268499071876	-0.318268140616	-0.339676803599	-0.377563238798	-0.419176208948	-0.412830135034	-0.376671976801	0.96694411683	0.919859322322	-0.680671031393	0.111558510366	1.04874048713	0.936754322982	
2.40449430628	2.40281300354	3	-0.00168130274141	1.06094822105	1.04586776805	1.01065483916	1.0008519166	1.00094698699	1.07033683455	1.05663719794	1.08971550714	1.05783391115	1.05263603095	1.05753574873	1.05435285222	1.05122278798	1.03645692446	-0.088732923474	-0.221368756327	-0.16947273139	-0.165205676219	-0.408739306065	-0.26726208363	-0.267328196999	-0.316803846637	-0.338150703155	-0.375608894606	-0.416366018967	-0.41027291047	-0.374575552895	0.968347665301	0.921576058764	-0.67753636237	0.11081659254	1.04938172553	0.936642645481	
2.89078383182	3.16870895979	3	0.277925127971	1.06194745385	1.04694219284	1.01184093777	1.00197945883	1.00210120245	1.07175486133	1.05848907434	1.09139991753	1.06001401448	1.05512492423	1.06018519664	1.05549308356	1.05287954799	1.0386272595	-0.0885971786093	-0.221128505858	-0.169218514758	-0.16490553311	-0.408393339154	-0.266515842236	-0.266632087888	-0.315877590192	-0.336955158664	-0.374162183472	-0.416271388332	-0.409663801056	-0.37397009939	0.970533602426	0.923254775432	-0.676020233567	0.11055465134	1.04838995495	0.937034510136	
2.54823478158	2.19561952386	3	-0.352615257724	1.06039653538	1.04555982937	1.01047690883	1.00044740895	1.00057224483	1.0691778657	1.0562746472	1.08926885909	1.05783263117	1.05284142159	1.05805330807	1.05310176424	1.05025532113	1.03586806624	-0.0885439247329	-0.221096805995	-0.169329068597	-0.165040447635	-0.410229735737	-0.267032391298	-0.266931168057	-0.316737650866	-0.338015214953	-0.375236091169	-0.418040589935	-0.411404806174	-0.375100580737	0.967919486475	0.920777709429	-0.679262652006	0.111551627821	1.04822137043	0.937237989461	
2.4792616555	2.52455853743	3	0.0452968819302	1.05998193904	1.04492551349	1.00990692474	0.999804743681	0.999856389786	1.07086972909	1.05718119423	1.09040073687	1.05861062305	1.05373469571	1.05866812891	1.05490450092	1.05202256212	1.03711555838	-0.0885774904533	-0.221651300146	-0.16948027994	-0.165127427377	-0.412212861985	-0.268714633415	-0.268695552698	-0.318226529624	-0.339512961566	-0.376944932803	-0.419866649559	-0.413318660257	-0.376485001193	0.970546468534	0.920113325005	-0.680281556741	0.112276492218	1.04930481887	0.93684938201	
2.66625522519	2.40905163898	3	-0.257203586211	1.06007719707	1.04532406891	1.0103634512	1.00040597664	1.00047141159	1.07142331003	1.05741658947	1.09039576145	1.05885954937	1.05374678326	1.05859998504	1.05507091006	1.0521599787	1.03692146053	-0.0888749246761	-0.221871023172	-0.169816990657	-0.165518860448	-0.409769216768	-0.267334091483	-0.267545685975	-0.317007543048	-0.338162801785	-0.375420866436	-0.41725031952	-0.411079397513	-0.375228350194	0.970079067471	0.921270833438	-0.678123245078	0.111349058238	1.04973304295	0.9384543186	
2.40516052833	2.40516052833	3	0.0	1.05923442314	1.04422211347	1.00928312735	0.999421676781	0.999403578802	1.06908240673	1.05608922995	1.08960158057	1.05750745978	1.05260882767	1.05809796735	1.05354013845	1.05050115897	1.0354253047	-0.0889651600037	-0.221964132562	-0.169903142947	-0.165614259916	-0.411620731114	-0.268052346266	-0.267979054533	-0.317757500198	-0.339014201476	-0.3763095251	-0.419227823537	-0.413055893412	-0.376534841	0.969428606962	0.91995072032	-0.679977199442	0.11121604848	1.0475683338	0.936062255633	
1.85655899317	2.07344551637	3	0.216886523206	1.06116373107	1.04606517971	1.01106824996	1.00104795459	1.00113401238	1.07058651231	1.05754539297	1.09068025681	1.05899728907	1.05405952274	1.05912683285	1.05467879978	1.05174047177	1.037213448	-0.0886943285687	-0.221280082984	-0.169366786961	-0.16512777554	-0.408653334648	-0.265775335589	-0.265697242761	-0.315352316194	-0.336662708734	-0.374064953293	-0.416106898693	-0.409868598232	-0.373741704797	0.969489249732	0.92172096696	-0.677075644404	0.111530969432	1.04840333158	0.937838756512	
2.18436490647	1.8295413533	3	-0.354823553169	1.06114928599	1.046178829	1.01120665337	1.00118478667	1.00131366006	1.07073728664	1.05789143479	1.09116483809	1.0593297101	1.05430096909	1.05942425756	1.05499953177	1.05189167181	1.03734006879	-0.0887174943019	-0.221197318414	-0.169435395136	-0.165161749072	-0.408930989929	-0.266945707974	-0.26706867417	-0.316337361694	-0.33756347957	-0.374805924266	-0.41635797669	-0.410224237128	-0.374420974203	0.97007170011	0.921407121729	-0.677289091807	0.111328655087	1.04800752913	0.938095136934	
2.28998975112	3.11597038757	3	0.825980636441	1.06008077656	1.04497954011	1.00980482693	0.999878944308	1.00001015774	1.06919214119	1.05662608714	1.08982753762	1.05804527077	1.05302649149	1.05816478008	1.05277447554	1.05033325402	1.03603689064	-0.0887964893582	-0.221858326178	-0.169699949941	-0.165416762324	-0.410017460595	-0.267313331264	-0.267422157689	-0.316883675955	-0.338236399641	-0.375801050138	-0.417967857574	-0.411405758778	-0.375340372973	0.966019794351	0.920397744584	-0.679854009475	0.111921758585	1.04907937041	0.937217433285	
2.56672872051	2.07024641038	3	-0.496482310129	1.0604195017	1.04518846163	1.01019374592	1.00016181664	1.00018575906	1.06973971645	1.05760062157	1.09049553021	1.05894691136	1.05401198425	1.05889837892	1.05363860121	1.05104697423	1.03692620647	-0.0887100939316	-0.221501040652	-0.169549743623	-0.165242040734	-0.40956800176	-0.267356835579	-0.267075931861	-0.316690104269	-0.337958340056	-0.375234574843	-0.417315748302	-0.410968267739	-0.374877141522	0.966435671467	0.920768657461	-0.678906020576	0.111806585733	1.04838426297	0.937386527704	
2.89697739654	2.995177212	3	0.0981998154644	1.06135058084	1.04628861581	1.01128066359	1.0010941284	1.00122379554	1.07054727794	1.05772635329	1.09065035552	1.05911503997	1.05424179964	1.05959864122	1.05489287708	1.05194870075	1.03718249846	-0.0886709399837	-0.221471416682	-0.169428317826	-0.165195788133	-0.407907531654	-0.266438989826	-0.266694848892	-0.315830007245	-0.337071194949	-0.374478294485	-0.415996388288	-0.409479031307	-0.374135310816	0.969209373177	0.921466538039	-0.676566107183	0.11140098223	1.04774384602	0.937572465471	
2.05747576101	2.10208819646	3	0.0446124354465	1.06007871682	1.04506607641	1.01015684534	1.00000792682	1.00013986865	1.06883721371	1.0564477492	1.08965624328	1.05791050696	1.05297278561	1.05785308381	1.05315858311	1.05003022597	1.03560419415	-0.0885579434514	-0.221081338496	-0.169320868355	-0.165057275801	-0.408131944281	-0.266462215924	-0.266635095453	-0.315898278423	-0.337124532651	-0.374799089245	-0.415930640499	-0.409682596826	-0.373954077027	0.968440441243	0.920269227287	-0.677199407217	0.111729980124	1.04732049836	0.938027502351	
2.79736308817	2.40731347535	3	-0.390049612825	1.05956546247	1.04443415511	1.0092801177	0.999454215717	0.999473677568	1.07034940707	1.05683919234	1.09006289195	1.05823621222	1.05327770714	1.05816510484	1.0540492855	1.05112738256	1.03644378809	-0.0888048244674	-0.221928475639	-0.169773450948	-0.165451545938	-0.410284101699	-0.267597786683	-0.267600484343	-0.317155785472	-0.338277420306	-0.375793256595	-0.418277902559	-0.41186561444	-0.375586856092	0.970833668843	0.919298161594	-0.678400163354	0.11203622	1.04875940223	0.937329834812	
2.4365579066	2.43799919855	3	0.00144129195296	1.06066364329	1.04570922714	1.01077120569	1.00071393936	1.00081825199	1.06982227156	1.05724946866	1.09009783552	1.05854596192	1.05354417813	1.05830138914	1.0540548852	1.05125378679	1.03674969444	-0.0884993354054	-0.221121314643	-0.169252836729	-0.164996528701	-0.40949811535	-0.266701597788	-0.266781981951	-0.316260878812	-0.337585316489	-0.375105422066	-0.417255106507	-0.410951919656	-0.374442981792	0.968516155144	0.921217940024	-0.678110766262	0.111667106604	1.04767726127	0.937200991144	
2.57786164247	2.92571873636	3	0.347857093889	1.06073964487	1.04589442418	1.01100541593	1.00102817042	1.00107619197	1.07121873589	1.05838246038	1.0911839344	1.05973017702	1.05468687265	1.0595734494	1.05567706663	1.05266073714	1.03831530089	-0.0886121029455	-0.221272131885	-0.169536980464	-0.165254211149	-0.409200828173	-0.266993213864	-0.2672270195	-0.316238457032	-0.337337471139	-0.374464209663	-0.416881260326	-0.410510084599	-0.374778911992	0.970605595515	0.921415630028	-0.677006658152	0.110923193747	1.04860817383	0.936790272033	
2.44662504545	2.5437247025	3	0.0970996570518	1.05947786212	1.0444264099	1.00920360719	0.99936705434	0.999429354383	1.06960422722	1.05625668109	1.08932166758	1.05757848298	1.05256331424	1.05748791575	1.05362588712	1.05073105262	1.03578143266	-0.0890799437782	-0.222333583978	-0.17021211782	-0.165901537277	-0.409714049054	-0.267566233732	-0.267662571409	-0.317279481076	-0.338526302701	-0.375987311871	-0.417498061346	-0.41122638854	-0.375432084108	0.96664687343	0.919479855087	-0.679238985557	0.111805995947	1.0486622312	0.937378048006	
2.37535390903	2.40128517326	3	0.0259312642253	1.06094404445	1.04611792492	1.01091566212	1.00114497854	1.00125431209	1.07079924983	1.05767148618	1.09035105776	1.0591627871	1.05420115623	1.05892895437	1.05464050773	1.05171929217	1.0372247123	-0.0888660995469	-0.221370843771	-0.169704920468	-0.165404911762	-0.409340878659	-0.26683901589	-0.266908425568	-0.31647431162	-0.337752120258	-0.375116445493	-0.41714670025	-0.410903905089	-0.374779676419	0.96898468357	0.921870798066	-0.677739641077	0.111034368244	1.04781486863	0.938190984974	
2.94708646573	2.07553663204	3	-0.871549833692	1.05975370264	1.04469345355	1.00970316973	0.999748906545	0.999850517479	1.06958849099	1.05677350922	1.08976340843	1.05810928673	1.05306785793	1.05810188654	1.05374364368	1.05076115418	1.03608441537	-0.0891271311321	-0.222323837673	-0.170012231128	-0.16572557049	-0.409986833979	-0.266972162809	-0.267017701056	-0.316456118739	-0.337646529813	-0.375056247131	-0.417049776012	-0.411005179077	-0.374905808575	0.966210974299	0.920166612939	-0.679386469307	0.111593351764	1.04837895697	0.937279316053	
2.49648438327	2.7957667296	3	0.299282346324	1.05964808843	1.04459563581	1.00937229514	0.999517566143	0.999631511971	1.06918217078	1.05658083679	1.08975787315	1.05785874212	1.05271508127	1.05775044516	1.05359586457	1.05049880439	1.03598696963	-0.088941330313	-0.222083055719	-0.169806323594	-0.165532068653	-0.411063823899	-0.268349487285	-0.268318546487	-0.317845357892	-0.339025100998	-0.376546422791	-0.418940589561	-0.412658690692	-0.376184657565	0.967003339053	0.919427009821	-0.680597364113	0.112216425189	1.0487360893	0.938111560337	
2.36982048984	2.13557921406	3	-0.234241275771	1.05967036374	1.04480533517	1.00976547689	0.999593463704	0.999707242201	1.06957368495	1.05673947325	1.0897097272	1.05799595129	1.05301465369	1.05816791391	1.05356248501	1.05058237034	1.03578577734	-0.088892337176	-0.221743518434	-0.169754360748	-0.165450585667	-0.409174112568	-0.266285678289	-0.266452639634	-0.316021318076	-0.337317538776	-0.375051197726	-0.416961313512	-0.41066079757	-0.374662546	0.969451444159	0.919589389841	-0.677836035629	0.111825412856	1.04904786956	0.937463870562	
2.04274083488	2.53234506538	3	0.489604230496	1.06023148408	1.04547299196	1.01048649258	1.00052050187	1.00068494725	1.07029014505	1.0568492811	1.08987371866	1.05827176916	1.05330283427	1.05822422287	1.05375816248	1.05108956059	1.03645286791	-0.0885486803611	-0.221187592317	-0.169401971515	-0.165026496673	-0.409484910262	-0.267044349103	-0.267109851239	-0.316611656906	-0.337804046725	-0.37512900285	-0.417043931354	-0.410837937553	-0.375039449379	0.968856244711	0.921269868967	-0.678560635546	0.111650462046	1.04901169408	0.939785720279	
2.76615450389	2.78629708049	3	0.0201425766021	1.05929778528	1.04439493643	1.00960220143	0.999640259051	0.999738136333	1.06922047757	1.05728686905	1.09012187793	1.05848549132	1.05341500799	1.05876943109	1.05332615432	1.05068729219	1.03627935672	-0.0889349282965	-0.222054101378	-0.170009221343	-0.165713203262	-0.411306216968	-0.268403175018	-0.268390538131	-0.317876958512	-0.339170614002	-0.376740676262	-0.418220690261	-0.412324379037	-0.376451934295	0.967759217418	0.919891721029	-0.68055531038	0.111307081153	1.04759504534	0.93761638797	
2.84370414355	3.19527415223	3	0.351570008675	1.06093289131	1.04590479475	1.01091386325	1.00096797912	1.0010414259	1.07141030867	1.05786817583	1.0906564623	1.05916929128	1.05411440548	1.05910573135	1.05570612302	1.05258826036	1.03742967596	-0.0887317024535	-0.221418301914	-0.169640446017	-0.165279027093	-0.408747618459	-0.266735217172	-0.266758345059	-0.316139212974	-0.33746918268	-0.374992335055	-0.416344557241	-0.410087909489	-0.374164775334	0.971106173092	0.921890381804	-0.676623802251	0.111070463188	1.04805810537	0.938341205436	
2.61539468018	2.63857639343	3	0.0231817132548	1.05888947833	1.04367620467	1.00853524839	0.998507134204	0.998645312479	1.06957628221	1.05649834721	1.08940272863	1.05801922242	1.05300229325	1.05794838445	1.05360438666	1.05092825206	1.03652297871	-0.0891531474539	-0.222332553284	-0.170282857322	-0.166018657272	-0.410973412872	-0.268433559203	-0.268367914517	-0.317852864585	-0.339248691626	-0.376988744887	-0.418814142798	-0.412279887895	-0.376401976542	0.969342547235	0.919161226338	-0.679538287109	0.111984662374	1.04828949063	0.937073474104	
2.21069880964	2.20710591723	3	-0.003592892409	1.05982038154	1.04484094517	1.00985921974	0.999641865601	0.999702968263	1.07164201731	1.05740075451	1.09049110945	1.05871056004	1.05382786715	1.0591331362	1.05555329347	1.05272749919	1.03740563296	-0.0889632248243	-0.221828985462	-0.169968771478	-0.165679099562	-0.410088775506	-0.267991379681	-0.267975432919	-0.317459851414	-0.338720338117	-0.375975800988	-0.417427399086	-0.411373538727	-0.376064206624	0.970760381004	0.919863815972	-0.677596121744	0.111448473285	1.04759916911	0.937426169135	
2.24471242464	2.13409846998	3	-0.110613954657	1.06012501513	1.0450767314	1.01021087691	1.00008624676	1.00008945351	1.06974351015	1.05724651443	1.0902888971	1.05861265153	1.05356120592	1.05859478036	1.0540362693	1.05122440193	1.03709388086	-0.0887446701541	-0.221651497673	-0.169620130799	-0.165316167048	-0.410255065196	-0.267354430826	-0.267274809213	-0.316947911502	-0.338257687109	-0.375523541321	-0.418409757148	-0.411791209819	-0.375234748226	0.968588821636	0.920220101814	-0.679257257857	0.111809622284	1.04919921807	0.937157033803	
2.86624107987	2.32233879407	3	-0.543902285794	1.06069344953	1.0457117209	1.01085455555	1.00065061077	1.00067324772	1.07129612292	1.05839936732	1.09136519586	1.0597435029	1.05482899443	1.0601784085	1.05570405899	1.05257032446	1.03784947478	-0.0885109610035	-0.22098703947	-0.169322839069	-0.165001481778	-0.409534749581	-0.267405949129	-0.267160084258	-0.316570073726	-0.337713325579	-0.374687405107	-0.416795776346	-0.410744487207	-0.374749449911	0.970018599518	0.9211716683	-0.677806126513	0.111696573656	1.04842714752	0.938474251382	
2.2080593795	1.73954610362	3	-0.46851327588	1.05929229979	1.04421062929	1.00918279646	0.999154134305	0.999254972118	1.06932460015	1.05621872574	1.08918066511	1.05766258712	1.05267518493	1.05770270308	1.05310959807	1.05018127614	1.03549880987	-0.0890152138055	-0.222287902392	-0.170272210943	-0.165941933605	-0.410427788247	-0.267638546142	-0.267607159718	-0.317214642109	-0.338529133824	-0.375882612586	-0.418156419488	-0.411861881067	-0.375843302686	0.967051234679	0.919460784848	-0.679907991771	0.111798911616	1.0483189011	0.938205329337	
1.99966738863	2.15782880208	3	0.158161413448	1.05989478656	1.04489802035	1.00996454073	0.999810879276	0.999967318344	1.06929092071	1.05600903124	1.08904277364	1.0575768284	1.05264499706	1.0573706737	1.05334971923	1.05053613197	1.03574907529	-0.0888701072865	-0.221758462753	-0.169810118219	-0.165463850546	-0.409198880707	-0.267110308098	-0.267003204546	-0.316695604426	-0.338025916068	-0.375598291025	-0.417038774342	-0.410785918844	-0.375016224345	0.968928416964	0.920205268868	-0.678088481019	0.111699061666	1.04716675167	0.938555831709	
2.8518011569	2.22891961422	3	-0.622881542679	1.06062175794	1.04571217933	1.01063962604	1.00061168744	1.00065329447	1.07127512658	1.05797890236	1.09098464917	1.05942978127	1.05445838397	1.05975338986	1.05543512816	1.05252909843	1.03775830919	-0.0885854510174	-0.221400625925	-0.169517784698	-0.165197292518	-0.409215567829	-0.267066466591	-0.267269942488	-0.316527941922	-0.337635544591	-0.374743055643	-0.416703398363	-0.410484915452	-0.374433870373	0.971121305833	0.921073166679	-0.677374802184	0.111775582058	1.0488466427	0.938568813269	
2.52171835217	2.5122427231	3	-0.00947562907009	1.06076684461	1.04584249221	1.01104749639	1.00086221846	1.00089433374	1.07064361136	1.05666743698	1.08958758043	1.05802460131	1.05298715002	1.05790656422	1.05476278551	1.05185348614	1.03652132783	-0.0886824062061	-0.221460679879	-0.169507445134	-0.165175726997	-0.409645474272	-0.26754519492	-0.267461991109	-0.317067171391	-0.338393582219	-0.375735335902	-0.417191828393	-0.411118433022	-0.375438073801	0.969022830891	0.921556803626	-0.678055490059	0.111495756254	1.0487457922	0.93694191048	
2.64109504281	2.76885872813	3	0.127763685323	1.0596832501	1.04469927428	1.00974019519	0.999804469189	0.999808622672	1.07029511468	1.05670404427	1.08989081444	1.05819701565	1.05323748983	1.05851602288	1.05424978312	1.05161662174	1.03657682844	-0.0890943670446	-0.222006756834	-0.170062554487	-0.165721470514	-0.410082189137	-0.267456526032	-0.267451045213	-0.317010825092	-0.338267266638	-0.375584071842	-0.418214979139	-0.41160728756	-0.375561398443	0.967776549652	0.919797349712	-0.679253261666	0.111971904018	1.04882462513	0.938604730855	
1.93522313472	1.86978631981	3	-0.0654368149122	1.06013342169	1.04521661021	1.01029106362	1.00033760893	1.00036422965	1.07100119374	1.05665837125	1.08981412931	1.05805356087	1.05301450131	1.05812340055	1.05473225688	1.05188112593	1.03656455611	-0.0889607926227	-0.221820729522	-0.169761317082	-0.165512924905	-0.411327254629	-0.267579400784	-0.267590870346	-0.317236692632	-0.338456624178	-0.376093270408	-0.418807763347	-0.412538906002	-0.376189736713	0.969956872577	0.920859687796	-0.679611659972	0.111114655664	1.04869491861	0.937224462797	
2.08077553533	2.05273552965	3	-0.0280400056762	1.06027949824	1.04528659256	1.0102600468	1.00022614937	1.00030153715	1.0703962626	1.05715416869	1.09003911182	1.05857652331	1.05357718755	1.05837001973	1.05438583836	1.05156879426	1.03707740017	-0.0885991390927	-0.221467759453	-0.169530520788	-0.165159409458	-0.408913660439	-0.266659946318	-0.266567071449	-0.316158238991	-0.337261244828	-0.374913143754	-0.416722482175	-0.410451899421	-0.374551529412	0.969590802312	0.920449675501	-0.677290451218	0.111490757262	1.0491315285	0.937522757187	
2.68327668164	2.72074642207	3	0.0374697404223	1.06157809146	1.04652707667	1.01173559725	1.00161532314	1.00172617122	1.07114962881	1.05788116617	1.09123026068	1.05930722561	1.05437272228	1.05926533229	1.05482612831	1.05199657288	1.03730402799	-0.088629647927	-0.221302765261	-0.169306928265	-0.164996441782	-0.408480959617	-0.266378342917	-0.266480790701	-0.315774596899	-0.336976007563	-0.374313823396	-0.416236522809	-0.409931130816	-0.373675950675	0.968949147841	0.922505521261	-0.676840662991	0.111008281089	1.04907938796	0.937509141331	
2.24629747292	2.2606452936	3	0.0143478206779	1.05924332809	1.04428115282	1.00924258843	0.999458991624	0.99955927196	1.07008298634	1.05672512199	1.08969725494	1.0580860824	1.05314329394	1.05799314197	1.05381109914	1.05125101379	1.03607645363	-0.0889052483191	-0.22204459233	-0.169960972246	-0.16565016827	-0.411413737926	-0.268054840467	-0.268017947278	-0.317737765057	-0.339041803317	-0.376488828845	-0.419044687637	-0.412812499334	-0.376632106978	0.968152467158	0.919573699027	-0.68037795515	0.112112511776	1.04843925381	0.937816620257	
2.24779637001	2.01790287079	3	-0.229893499221	1.06126743842	1.04629789745	1.01131471384	1.00119749361	1.00123677207	1.06966878999	1.05764614757	1.09058827415	1.05905199983	1.05414841064	1.05928374509	1.0537183672	1.05102943775	1.03707447064	-0.0884347669842	-0.221087469234	-0.168967203212	-0.164663158151	-0.40901720161	-0.266382948714	-0.26646992356	-0.315691368236	-0.336916342227	-0.374263406326	-0.416469839756	-0.410055744528	-0.373789635719	0.966407151629	0.921727647934	-0.678874907821	0.111513363568	1.04951783572	0.937634112941	
2.8700281807	2.58700053416	3	-0.28302764654	1.05929843871	1.04412241465	1.00901745185	0.999032580252	0.999099952343	1.06849452052	1.05581294257	1.08921360371	1.05718335946	1.05212973977	1.05730837577	1.05257699603	1.04978868366	1.03535704961	-0.0888882013624	-0.221970822392	-0.169996118648	-0.165749967217	-0.411059927927	-0.268062756834	-0.267996648282	-0.3178061594	-0.339095615195	-0.37655688833	-0.418485853509	-0.412325340457	-0.376154427843	0.965345938331	0.9193811756	-0.681825028833	0.112601542323	1.05100650507	0.937765936517	
2.38548509073	2.39124280317	3	0.00575771243463	1.06084666713	1.04595710599	1.01106349158	1.00107904569	1.0011369421	1.06975784387	1.05647085782	1.08948183945	1.05788289284	1.05279116588	1.05783041839	1.05388977387	1.05072491078	1.03587742819	-0.0885218527081	-0.221231973028	-0.169370142126	-0.165033060521	-0.409771034437	-0.266725688156	-0.26670197271	-0.31629508503	-0.337536556662	-0.375237197807	-0.417441480797	-0.411166221986	-0.375071266317	0.968270521176	0.921529384214	-0.678831757904	0.111341484971	1.04873519445	0.937075172575	
2.95849055394	3.0770714969	3	0.118580942965	1.06115059557	1.0460167325	1.01119167188	1.00123325078	1.00133750378	1.07135558745	1.05862720124	1.09161212952	1.05996996606	1.05488392809	1.05952328966	1.05553875843	1.05250232535	1.03804000163	-0.0887517154835	-0.221386712767	-0.169600582354	-0.165355785848	-0.408215809326	-0.266251334415	-0.266257211893	-0.315675306119	-0.336871733085	-0.373974427347	-0.415668396859	-0.409438921207	-0.373650740122	0.97031828125	0.922023085855	-0.67648946084	0.110820742164	1.04947184526	0.937790689593	
2.93809268661	3.39435959895	3	0.456266912339	1.05976060393	1.04466181516	1.00971712559	0.999655676452	0.999774898727	1.06954667812	1.05688002536	1.08968663447	1.05813855204	1.05325341053	1.05839891799	1.05386170109	1.05091852575	1.0362187351	-0.0886964393305	-0.221604849545	-0.169541033915	-0.165203959152	-0.408569232853	-0.267582460199	-0.267331020559	-0.317113037234	-0.338369220014	-0.375547769103	-0.416553413594	-0.410104705863	-0.37480543296	0.967083671067	0.919697232785	-0.677915134187	0.111982190513	1.04830803535	0.937143061259	
2.3990316911	2.68656336809	3	0.287531676985	1.06080314682	1.04563789886	1.0106587868	1.00075221407	1.00086489256	1.07200737292	1.05798535278	1.09079596888	1.05944467321	1.0544550823	1.05941603813	1.0562166579	1.05315902034	1.03774882484	-0.0884299957217	-0.221205667664	-0.16932694916	-0.165027623317	-0.408382437487	-0.265651096738	-0.26572955477	-0.315304718554	-0.336495776653	-0.373815228215	-0.415600903293	-0.409499201536	-0.374001178026	0.970569638443	0.921330982737	-0.676036799726	0.111887203171	1.04971948627	0.936773640664	
2.05537469018	1.93603899312	3	-0.119335697056	1.06124441861	1.04626525366	1.01119856074	1.00123232067	1.00131032511	1.07045459982	1.0574419306	1.09046567603	1.05897669643	1.05405805909	1.05910688484	1.05431564896	1.05150983246	1.03659476141	-0.0885507629481	-0.221078111206	-0.16935073062	-0.165066380362	-0.409556996819	-0.267216676665	-0.267296837093	-0.316910146293	-0.338268798914	-0.375527916739	-0.417386856816	-0.411115156713	-0.375459577998	0.968435806334	0.922199443012	-0.67843655875	0.110856121227	1.04768148239	0.938920288937	
2.21135684028	1.99244284629	3	-0.218913993991	1.05966380345	1.04446510461	1.00945133051	0.999407685803	0.999501379936	1.06993386356	1.0572839065	1.09022406613	1.0586092312	1.05365549414	1.05889472693	1.05379620804	1.05109627963	1.0365065783	-0.0889495560447	-0.222003515113	-0.169981567209	-0.165643656966	-0.410019834707	-0.26763977197	-0.267370680437	-0.317169406292	-0.338328836324	-0.375457648573	-0.418054791529	-0.411622588693	-0.37548515862	0.968483112311	0.91949868808	-0.679357746316	0.112391765809	1.04856693829	0.938930332467	
2.46276832808	2.74893475537	3	0.28616642729	1.05944199378	1.04454509462	1.00973952597	0.999639301679	0.999735419728	1.06954227955	1.05648937478	1.08975747132	1.0578499022	1.05288291595	1.05805660923	1.05393150696	1.05098523542	1.03632332607	-0.0890998956137	-0.222329806355	-0.170328115016	-0.166014821323	-0.409876295993	-0.267811838895	-0.268169055398	-0.31728568256	-0.338666903867	-0.376115414327	-0.417625913682	-0.411096048657	-0.375244274408	0.969164718889	0.919858435524	-0.678650641986	0.111358946149	1.04864648164	0.936957969145	
2.7611045616	2.25177474051	3	-0.509329821098	1.0602789634	1.04517875214	1.01014600016	0.999902462975	1.00006526672	1.06999370824	1.05722173164	1.09016654425	1.05840077448	1.05333348122	1.05834984672	1.05369512418	1.05100941124	1.03645947532	-0.0887588797647	-0.221578326547	-0.169519361004	-0.165225853249	-0.410781050057	-0.267941090159	-0.267915523305	-0.317354996284	-0.338551899987	-0.376126156131	-0.418646773827	-0.412087940339	-0.375798518128	0.970874548021	0.920190917066	-0.679067095637	0.112152020648	1.04801892983	0.938057441358	
2.04800504924	2.04794523854	3	-5.98106971701e-05	1.05998079729	1.04498741754	1.00977906092	1.0000367278	1.00005525483	1.0694742179	1.05630169291	1.0892273525	1.05784841476	1.05284936018	1.05784203883	1.05347293488	1.05053498131	1.03577764647	-0.0888794999615	-0.221910487212	-0.169733101123	-0.165455121768	-0.410645841969	-0.26776176075	-0.267934922034	-0.317432814528	-0.338651128538	-0.376070522145	-0.418246622988	-0.412173838576	-0.376012321602	0.968641954287	0.920329797346	-0.679267913688	0.111357770947	1.04871863661	0.937000938704	
2.27178032394	2.27178032394	3	0.0	1.05934528869	1.04465150154	1.00967000921	0.999696536123	0.999712288427	1.06930272773	1.05643342954	1.08944769823	1.05780882153	1.0528785197	1.05786183915	1.05325107937	1.05041717575	1.0358047493	-0.0890868378006	-0.222052177034	-0.170187967073	-0.165849936834	-0.410394351283	-0.267429563451	-0.267468710626	-0.317233683071	-0.338507315826	-0.375962722975	-0.418248100903	-0.41176597641	-0.375479966183	0.967082042186	0.920085753323	-0.679872793043	0.111534469281	1.04845031153	0.937542463882	
2.46387518083	2.85217038396	3	0.388295203128	1.05961183854	1.0445832964	1.00934866252	0.999470287216	0.999556435347	1.06811621039	1.05589725668	1.08928163744	1.05730166823	1.05225462745	1.05776975828	1.05234798273	1.04939024361	1.03506546876	-0.0888290192944	-0.22188643609	-0.169885177239	-0.165549341657	-0.410678681068	-0.267566460932	-0.26756314999	-0.317383188445	-0.3386838126	-0.375987180402	-0.418173153286	-0.411939787716	-0.375854086112	0.966802649166	0.91961268358	-0.680389965356	0.111690479917	1.04709745549	0.938945044868	
2.8032663468	2.64995469739	3	-0.15331164941	1.06074940793	1.04580194818	1.01087215243	1.00079328314	1.00082480323	1.06913998924	1.0571277316	1.09043204457	1.05855205955	1.05353466147	1.05854647704	1.05299926086	1.0503641566	1.03646355971	-0.0888319565699	-0.221717353663	-0.169731082979	-0.165406414863	-0.409854547494	-0.26677343464	-0.266740984324	-0.316406275246	-0.337715007514	-0.375074559226	-0.41763065907	-0.411322112544	-0.374882635473	0.967220443467	0.92164474417	-0.679199157644	0.111077971616	1.04856971064	0.93715527964	
2.56939918152	1.82858075823	3	-0.740818423287	1.0614592528	1.04627691194	1.01118279089	1.00122535139	1.00130288277	1.07113374895	1.05821795724	1.09086143644	1.05971901415	1.05474582626	1.06003186198	1.05558611486	1.05264396761	1.03796441905	-0.0887276248074	-0.221473794713	-0.169472237544	-0.165162217204	-0.408047641666	-0.26658648581	-0.266771000872	-0.315866647354	-0.337078801503	-0.374407818183	-0.41578055489	-0.409615555121	-0.374136579487	0.969705917853	0.92189446506	-0.67628364587	0.111202265377	1.04928631744	0.936444652452	
2.33226036562	2.06397080187	3	-0.26828956375	1.05968656406	1.04479412554	1.00977791035	0.999776667648	0.999830164352	1.0704203006	1.05713596828	1.08991517636	1.05855862547	1.05349548448	1.0586999002	1.05467700585	1.05170801031	1.03699831251	-0.0886636802239	-0.221715257079	-0.169481043379	-0.165193635517	-0.409554108793	-0.267343793734	-0.267139741055	-0.316930900585	-0.338232598842	-0.375681371971	-0.416993778793	-0.410855012479	-0.375020131151	0.968705090032	0.920295107935	-0.67814346158	0.112311651645	1.04948722362	0.936385648925	
2.7616167825	2.44953413408	3	-0.312082648425	1.05953002697	1.0443994292	1.00931579863	0.999344654826	0.999401182051	1.07084844243	1.05675868194	1.08965324018	1.05827318757	1.05329292062	1.05849086148	1.05456215807	1.05168803571	1.03658659364	-0.0889186518887	-0.221824877863	-0.170180827602	-0.165748627686	-0.411077950965	-0.268463453992	-0.268017823878	-0.31797138149	-0.339161503878	-0.376356812598	-0.418266124454	-0.412269528638	-0.376210927171	0.966650692471	0.91934127903	-0.680016376453	0.111956707847	1.04843448103	0.93732264867	
2.84632544846	2.91275412243	3	0.0664286739694	1.06128126996	1.0462573742	1.01134101186	1.00125004709	1.0012865389	1.07206190602	1.05853361911	1.09152968504	1.05996766203	1.05509653092	1.05980930103	1.05610289749	1.05311585373	1.03809773444	-0.0884311561025	-0.220842047435	-0.168992892452	-0.164754480982	-0.408868416094	-0.266115779806	-0.266009426524	-0.315554857096	-0.336763175179	-0.374219583938	-0.416752678985	-0.41036000061	-0.374230074659	0.970971317095	0.921827279053	-0.676609972281	0.111073968451	1.04958173832	0.936727520888	
2.13891614411	2.01390826579	3	-0.125007878322	1.06067438485	1.04569846343	1.01056982026	1.000794675	1.0007989811	1.07125709276	1.05767223119	1.09038502117	1.05899845064	1.05405352624	1.05942421554	1.05530743723	1.05244936132	1.03744650013	-0.0887753430489	-0.221585794137	-0.169783600663	-0.165439097398	-0.409570708833	-0.267089809259	-0.267063194151	-0.316610094836	-0.337792612326	-0.374972862444	-0.417037372852	-0.410822065256	-0.375262448871	0.969124223944	0.921312510526	-0.677821385505	0.110628936779	1.04808566125	0.937487262375	
2.26085685572	2.1501750217	3	-0.110681834024	1.0610710177	1.04601366654	1.01114107015	1.00122212767	1.00126033556	1.0711543193	1.05779883411	1.09061186889	1.05920996044	1.05428605841	1.05928459035	1.05512771678	1.05226495985	1.03750908956	-0.0886127658353	-0.221482360427	-0.169291264023	-0.165054558062	-0.408981997314	-0.26647562485	-0.266392676518	-0.315981135268	-0.337173203957	-0.374525678988	-0.416504608338	-0.410144849814	-0.374121904696	0.967923395858	0.921874457602	-0.677345035096	0.111409455005	1.0477327973	0.937188587047	
2.11954919425	1.68984454535	3	-0.429704648909	1.05999295382	1.04499124085	1.01016244533	0.999870820637	0.999966564697	1.06832570344	1.05643705625	1.08944772874	1.05777227869	1.05276302338	1.05796479636	1.05265966393	1.04976097024	1.03543621284	-0.0888086494926	-0.221818705049	-0.169714082421	-0.165455269189	-0.410885145448	-0.26738174337	-0.267498691733	-0.316955554592	-0.338311982336	-0.375631755972	-0.418577711151	-0.411997969714	-0.375344424185	0.967699925827	0.920784976334	-0.680131707163	0.111605072424	1.04833060134	0.937058398268	
2.29081905778	2.18211082892	3	-0.108708228864	1.06112450521	1.04618193972	1.01121264214	1.00126752737	1.00131091084	1.07135611415	1.05783267061	1.09047936866	1.05929338703	1.05425090722	1.05936086073	1.05537382516	1.05257358397	1.03759280625	-0.0884202457195	-0.220831901428	-0.169174159801	-0.164865840576	-0.408923096669	-0.266571425239	-0.266611984706	-0.316007980433	-0.337290587552	-0.374542169104	-0.416678468426	-0.410550355012	-0.374111777213	0.96912974928	0.921903632611	-0.677274176213	0.111408107327	1.04982211392	0.936970019709	
1.7952193026	2.09246754816	3	0.297248245562	1.06036983478	1.04550752174	1.01056569793	1.00050673957	1.00062803754	1.07092332175	1.05725814807	1.09031571253	1.05866762178	1.05372455719	1.05894535327	1.05480305113	1.05202406877	1.03738202872	-0.0885475039735	-0.221445688592	-0.169434598474	-0.165210176223	-0.408409163174	-0.266334963993	-0.266484204632	-0.315884839843	-0.337092743828	-0.374124569555	-0.415881675097	-0.409878955662	-0.374359417718	0.970318685114	0.920668580704	-0.676905944373	0.112111171018	1.04844822627	0.939526065654	
2.68752111359	2.78213702556	3	0.0946159119686	1.06025682392	1.04506241723	1.00989003274	1.00013246638	1.00017911966	1.0688123667	1.05660122895	1.08947336226	1.05810903743	1.05308210604	1.0581244345	1.05262697623	1.04994956347	1.03571484822	-0.0886053912358	-0.22150620815	-0.169458523635	-0.165126268099	-0.410457255102	-0.268043295323	-0.267853321445	-0.317663449716	-0.338961237599	-0.376324371884	-0.418537195764	-0.41220692086	-0.376139330422	0.96858459257	0.920498494595	-0.679751326714	0.11180921825	1.04920087939	0.937472243192	
1.71096739994	1.93377348569	3	0.222806085746	1.06069124228	1.04561573982	1.01075067229	1.00082108771	1.000891057	1.07079247175	1.05714302789	1.09010961032	1.05868792586	1.05361141941	1.0585832234	1.0548636458	1.0518885085	1.03726351548	-0.0887330469142	-0.221564028858	-0.169671375496	-0.165330615045	-0.409486100314	-0.266697505646	-0.266969304719	-0.31622233902	-0.337663031757	-0.375115828568	-0.417006401279	-0.410747398215	-0.374719747838	0.969170318823	0.92156897162	-0.677868046966	0.111031680025	1.04914426461	0.93739428728	
1.52760292188	1.51938064972	3	-0.00822227216421	1.05964123961	1.04495386638	1.00997011347	1.00016846515	1.00024057258	1.07056694824	1.05756401974	1.09075658045	1.05878352644	1.05385097026	1.05902950644	1.05469629319	1.05191605917	1.03739113635	-0.0889836602026	-0.221907754548	-0.170132806983	-0.16576587142	-0.410269561133	-0.267948042115	-0.267713506198	-0.317584738336	-0.338947313592	-0.376259354402	-0.417933639258	-0.411705985353	-0.376041383733	0.967785998266	0.920310577786	-0.679148818519	0.110962026111	1.0491058209	0.936880945683	
2.05707483031	2.06300704818	3	0.005932217873	1.05968162414	1.04436120821	1.0092861036	0.999452571423	0.99950200959	1.07029097178	1.05678907316	1.08994984168	1.05813846599	1.05304370861	1.0582029015	1.05398658088	1.05132184352	1.03660464571	-0.0888689423245	-0.222074870505	-0.169959062791	-0.165652243588	-0.411507918423	-0.267848870278	-0.267727148655	-0.317395429132	-0.338532160942	-0.375945940721	-0.419030862804	-0.412588464446	-0.375946167108	0.968570768387	0.919677211452	-0.680371586385	0.111757626485	1.04889307898	0.937612271162	
2.37936899692	2.32771959108	3	-0.0516494058418	1.06045656678	1.04534882197	1.01019144843	1.00041010279	1.00056449746	1.0705464322	1.05778792995	1.09047394763	1.05914330277	1.05417090589	1.05926401217	1.05462124242	1.05151447861	1.03711651086	-0.0887848012493	-0.221609124226	-0.16968953836	-0.165310063428	-0.410061207853	-0.267193875227	-0.267113063664	-0.316790675116	-0.337978248419	-0.375345675576	-0.417520702152	-0.411077078681	-0.374917551085	0.970314419731	0.920924065926	-0.678090883177	0.11135465714	1.04777331525	0.93739009591	
2.46624583674	2.46980230758	3	0.0035564708418	1.05950039988	1.04445975075	1.00945650991	0.999397910635	0.999490482537	1.06958859588	1.05685431048	1.08984074423	1.05824171517	1.0532992627	1.05818739072	1.05363114795	1.0506838967	1.03628668125	-0.0887241934317	-0.221544246895	-0.169690766157	-0.16534646898	-0.409277958556	-0.266892448653	-0.266734668893	-0.31632043906	-0.337529854655	-0.374837167351	-0.417128087615	-0.410715831102	-0.374344176378	0.968598908018	0.919635332901	-0.678135127544	0.112058513321	1.04917716031	0.93700976007	
2.23826907923	2.25205339548	3	0.0137843162485	1.05935264593	1.04442367939	1.00959710735	0.999470678646	0.999516351493	1.07032223741	1.05742857342	1.09038131263	1.05885926038	1.05380862391	1.05895366622	1.05416682426	1.05145053709	1.03707135505	-0.0886254956361	-0.221551465988	-0.169526478016	-0.165240298588	-0.410291715278	-0.26810855648	-0.268423487393	-0.317722825364	-0.3388905898	-0.376063151887	-0.417965951263	-0.411784248256	-0.375938601696	0.969294163378	0.919788987585	-0.678899192519	0.112115480532	1.04826740252	0.938143181259	
2.5243808142	2.14326614941	3	-0.38111466479	1.05931381826	1.04433267603	1.00950562328	0.999368248124	0.999433465602	1.07047662393	1.05684907231	1.08972154871	1.0583091156	1.05324568285	1.05834743173	1.05469540303	1.05164329078	1.0365033568	-0.0888430530714	-0.222056778611	-0.169752392584	-0.165398420333	-0.409424007744	-0.266878153994	-0.26679802037	-0.316490907296	-0.337655377934	-0.374967752642	-0.417197776274	-0.41089554222	-0.374659190484	0.968154323468	0.919674627495	-0.678191342987	0.112253268101	1.04921301445	0.936979861275	
2.52747869243	2.45756843917	3	-0.0699102532625	1.05992246925	1.04505629101	1.01019907537	1.0001944264	1.0003067884	1.06954436609	1.05651907916	1.0897934486	1.05793634451	1.0528406712	1.05793614391	1.05273313717	1.05034782004	1.03580759695	-0.0890412487033	-0.222182524244	-0.169973905718	-0.165615127948	-0.410821340654	-0.267706478248	-0.267508118065	-0.317269958212	-0.338459169511	-0.375893819876	-0.418571348113	-0.41209913172	-0.375688868039	0.96790702488	0.920142463389	-0.67983347229	0.111470633744	1.04841377003	0.937137075519	
2.4993353997	2.50020049794	3	0.000865098240955	1.05956195395	1.04452992624	1.00947412699	0.999536384447	0.999649238255	1.07050152149	1.05759760616	1.09080346474	1.05900023495	1.05404915202	1.05905914492	1.05435122504	1.05169855984	1.03694852469	-0.0889435882015	-0.221815683818	-0.169972690795	-0.165633256758	-0.411020204358	-0.268528385455	-0.268352800666	-0.317955313823	-0.339243274014	-0.376664968338	-0.418594150108	-0.412384376878	-0.376065130518	0.967942469013	0.919567033824	-0.679670750659	0.11220611121	1.04940127593	0.937031469985	
2.64186522747	2.9798784735	3	0.338013246035	1.06082117947	1.04596843881	1.01088002949	1.0011080835	1.00108436497	1.07181727017	1.05860258166	1.09156052387	1.05991582829	1.05479514451	1.05961447315	1.05598865752	1.0530978521	1.03824422923	-0.0887744581114	-0.221465643636	-0.169687867685	-0.165365295092	-0.40739753847	-0.265944565735	-0.265698385256	-0.315392766824	-0.33640601191	-0.373545154461	-0.415227282206	-0.408786768553	-0.373219424392	0.971181066719	0.92166421627	-0.674798096956	0.110538534523	1.04736698161	0.937477035906	
1.92763250145	1.86227069115	3	-0.0653618103043	1.05991165845	1.04496798076	1.0097694714	0.99985408918	0.999992770555	1.07017272118	1.05629191763	1.08929936069	1.05760016158	1.05256679578	1.0577120985	1.05425092374	1.05113695286	1.0359268062	-0.0888402878288	-0.221658311241	-0.169797815889	-0.165484867592	-0.410456611886	-0.267615608861	-0.267807084536	-0.317255692327	-0.338460516064	-0.375819033667	-0.418096371665	-0.411616627366	-0.375350053913	0.968184348207	0.920066413619	-0.679210667043	0.111670639411	1.04885228442	0.936848927758	
2.60308646404	2.5708065995	3	-0.0322798645425	1.05997905171	1.04513464285	1.01019473284	1.00007450818	1.00017529405	1.07019492087	1.05725978904	1.09011553985	1.0585499245	1.05346072521	1.0584504528	1.05443368855	1.05150114843	1.03670668556	-0.0887883795552	-0.221581445641	-0.169669025782	-0.165342956555	-0.409876910584	-0.267335573288	-0.267310142189	-0.316929350689	-0.337989567484	-0.375440578524	-0.417541799136	-0.411207794352	-0.375397169776	0.968532501643	0.920822081681	-0.678264577471	0.111460912378	1.04838658529	0.937090163436	
2.20397969993	1.95386048753	3	-0.250119212399	1.05916846039	1.04418874684	1.00919041177	0.99926073386	0.999404169341	1.07024832928	1.05667685112	1.0897395752	1.05790855764	1.05297222927	1.05781506509	1.05434552338	1.0513986471	1.03634921467	-0.0890294814163	-0.222452961932	-0.170120935986	-0.165770609827	-0.409736540891	-0.267138062723	-0.266986133558	-0.316688799849	-0.338077366679	-0.375524883946	-0.417325156673	-0.411122474644	-0.374886588593	0.96933265073	0.919523146099	-0.67807831103	0.111806099663	1.04757004609	0.93674685854	
2.73734879699	2.80852347966	3	0.0711746826735	1.05961328205	1.04473800299	1.00979954464	0.999783774981	0.999858284969	1.07057958285	1.05757504517	1.09049978371	1.05889135867	1.05394895247	1.0588393872	1.05441508381	1.05157986145	1.03681985685	-0.0888751432183	-0.221951859691	-0.169979884467	-0.165722978847	-0.410062080869	-0.266414635186	-0.266886884731	-0.315980517086	-0.337155374801	-0.374481489634	-0.417682882207	-0.411255758525	-0.37474373985	0.967739688862	0.920201571314	-0.678850807115	0.111424999709	1.04880956126	0.937600216897	
2.06990311816	1.95902655896	3	-0.1108765592	1.05904854853	1.04412132738	1.00906522924	0.999303048801	0.999427343363	1.0705194393	1.05729476743	1.09051283175	1.05866206865	1.05347677495	1.05846874374	1.05436617445	1.0513400191	1.03655262885	-0.0890821320234	-0.222446312679	-0.170165672215	-0.16589637848	-0.411772090049	-0.268255995135	-0.268361180225	-0.317861945481	-0.339107607671	-0.376505591182	-0.41908421154	-0.412846625539	-0.376151357457	0.969652379328	0.91958835534	-0.680208343414	0.111564171758	1.04940519498	0.93773107456	
2.96945847813	2.85511988161	3	-0.114338596513	1.05928375344	1.04410032799	1.00906109533	0.998834780256	0.998939045336	1.07003944554	1.05663127585	1.08958959382	1.05801223686	1.05308935281	1.05832266535	1.05413603019	1.05108788218	1.03626535328	-0.088868664795	-0.221837057496	-0.169794163907	-0.165439613481	-0.411860758146	-0.268083206163	-0.268161452032	-0.317824432894	-0.339090126008	-0.376644165168	-0.419563410267	-0.413120979698	-0.376280001925	0.969898775037	0.918663569902	-0.680347084857	0.112595871056	1.04992545398	0.937201650235	
1.97554490967	1.98756081199	3	0.0120159023214	1.06021426731	1.04542068607	1.01041245539	1.0004340005	1.00049888972	1.07016020343	1.05694054211	1.09019683883	1.05835333101	1.05338012073	1.05841031692	1.05441293939	1.0513662151	1.03658083588	-0.0887674427261	-0.221777700507	-0.169747457994	-0.165441244758	-0.410041026251	-0.267262018474	-0.2673810994	-0.316713611858	-0.337992015363	-0.375126578834	-0.417843373095	-0.411335414198	-0.375235651963	0.967607001518	0.920753131572	-0.679065030758	0.11143338669	1.04829769285	0.937518315494	
2.34464292744	2.82716999532	3	0.482527067875	1.0593875112	1.04456375057	1.0094813569	0.999617820679	0.999665746045	1.07018289683	1.05740077057	1.09045620571	1.05867862619	1.05372311	1.05896402586	1.05429394079	1.05142731172	1.03675792492	-0.0890182642088	-0.222100924944	-0.169913475596	-0.165594332015	-0.410521933621	-0.268094698495	-0.268239912343	-0.317606697904	-0.338827505127	-0.376028779363	-0.41842850929	-0.412061049627	-0.375791225371	0.970909724965	0.919894493524	-0.678706369083	0.112041756286	1.04921070263	0.93799281806	
2.08739689431	1.89767474312	3	-0.189722151186	1.06001308922	1.04498805426	1.00990503364	0.999923600581	1.00003100454	1.06912101693	1.05654567183	1.08993011184	1.05792179649	1.05270321744	1.05747682691	1.05322546972	1.05052154165	1.03600976607	-0.0887690970828	-0.221792178666	-0.169843906304	-0.165530941488	-0.409898584758	-0.268046395556	-0.267899693082	-0.317605257355	-0.33893064854	-0.376255706635	-0.417904470023	-0.411583315523	-0.375739550469	0.967598383681	0.920210169719	-0.679254564484	0.111537958189	1.04913895996	0.936770511021	
1.86910466464	1.83096152351	3	-0.0381431411379	1.0600111512	1.04485267313	1.00998733867	0.999960669326	0.999979184475	1.07010084796	1.05662721854	1.08981156202	1.05825976081	1.05324530778	1.05827329801	1.054181188	1.05128729563	1.03639224617	-0.0889231593558	-0.222188647943	-0.170006311024	-0.165600129459	-0.410570191649	-0.267469016289	-0.267636616468	-0.317054628644	-0.33829178826	-0.375800481179	-0.418508154223	-0.411991138597	-0.376002166223	0.968146855581	0.920102536303	-0.679266564155	0.111284959696	1.04777308305	0.93716842213	
1.71312999189	1.66777728428	3	-0.0453527076042	1.06080901895	1.04574134281	1.01074931033	1.00073053987	1.00079384821	1.06949742764	1.05717371664	1.09025858746	1.05850088299	1.0535044596	1.05895061564	1.0534760874	1.0507314038	1.03644102503	-0.0887276216701	-0.221449801055	-0.169640355616	-0.165326148143	-0.409497602331	-0.266964393848	-0.266917432172	-0.316436575133	-0.337749375019	-0.375430193287	-0.417116474604	-0.410872731703	-0.374541973198	0.968034969365	0.921268459442	-0.678960260432	0.111724825255	1.04907106708	0.938345325276	
2.62941390865	2.58904339008	3	-0.0403705185651	1.06017364872	1.04531327252	1.01056783569	1.0004398472	1.00043742016	1.06995685885	1.05747714275	1.09058907647	1.05881089891	1.0539871727	1.058983344	1.05383884383	1.05135282041	1.03689697385	-0.0887922130692	-0.221833254156	-0.169719602691	-0.165317749738	-0.408840369756	-0.266706173562	-0.266758218082	-0.316193433068	-0.337435180787	-0.374780124741	-0.416638963278	-0.41030399872	-0.374411336765	0.966697669132	0.921073348751	-0.678301293289	0.111265728437	1.04912371599	0.937267219811	
2.9523993849	3.32027637647	3	0.36787699157	1.06069706931	1.04566270513	1.01045709855	1.00057163723	1.00062574637	1.07041883436	1.05717619534	1.09028726647	1.05859504707	1.05347466456	1.05835474596	1.05426254621	1.05150327982	1.03669679147	-0.0888555791384	-0.221745003441	-0.169765952645	-0.165355411639	-0.409802044308	-0.26687905398	-0.266893932927	-0.316299806931	-0.33754987909	-0.375089703866	-0.417531776722	-0.411129058197	-0.374636733461	0.969956434927	0.920984669128	-0.678163407726	0.11110500698	1.04903824864	0.937326322375	
2.42828279316	2.16517990899	3	-0.263102884166	1.06021944175	1.04495885722	1.01008058201	1.00002420789	1.00008414114	1.06907395233	1.05624252866	1.08907187318	1.05767688094	1.05274003607	1.05788813881	1.05339390628	1.0504119098	1.0356937405	-0.0889699590597	-0.2221296725	-0.170153988724	-0.165858770853	-0.411440247029	-0.268108799725	-0.268007868025	-0.31786500628	-0.339111471446	-0.376523995848	-0.418927387332	-0.412796342993	-0.376440746952	0.967123184662	0.920389032143	-0.681053067749	0.110782050948	1.0491977229	0.937587446335	
1.85504739599	1.81960907484	3	-0.0354383211501	1.06008568623	1.045079557	1.01021355698	1.00021240641	1.0003230692	1.07023778669	1.05725674132	1.09018949757	1.05865766522	1.05366842809	1.05875463689	1.05458176616	1.05150021237	1.03658694325	-0.088684043572	-0.221517724111	-0.169563422177	-0.165249799868	-0.410194158124	-0.267214775854	-0.266945887803	-0.316912336657	-0.338156670648	-0.375720303848	-0.417849731631	-0.411337147868	-0.375102175661	0.969215468902	0.920248295239	-0.678477738255	0.111368401599	1.04846610352	0.936573601343	
2.28282442114	2.19597851733	3	-0.0868459038052	1.0597757654	1.044748453	1.0096884563	0.999675022022	0.999802879308	1.06916892953	1.05726952976	1.09024542853	1.05851361446	1.05354325501	1.05878937536	1.05280465322	1.05039950221	1.03617497952	-0.0888570962449	-0.221896570381	-0.169910677409	-0.165599159916	-0.409903439853	-0.267458357149	-0.267600676649	-0.317054622806	-0.338220270446	-0.375620442769	-0.417442078551	-0.411130774192	-0.375167085156	0.967597300914	0.920346805879	-0.679363925351	0.111754288675	1.04868226411	0.937696621731	
2.29718565514	2.07620888034	3	-0.220976774794	1.05953495046	1.04457872286	1.00966949783	0.999611204812	0.999612988066	1.06959304384	1.05719345334	1.09025624994	1.05843819363	1.05338592932	1.05834177801	1.05374079584	1.0507402917	1.03625899734	-0.0887825497066	-0.2219585014	-0.170008762621	-0.16564510667	-0.410163399552	-0.267367928309	-0.26755668372	-0.316992981169	-0.33822362462	-0.375476850299	-0.417801604349	-0.411585436188	-0.37541644035	0.967587738225	0.920144215874	-0.679276817327	0.111300111972	1.04893560517	0.936846178651	
2.70983689857	2.33795114508	3	-0.371885753486	1.05975265725	1.04463936887	1.0096275409	0.999439635118	0.999543319523	1.07003231754	1.05680420909	1.09004005114	1.05814407651	1.05312762789	1.05833822549	1.05353019709	1.05088996086	1.03598594951	-0.0887255916878	-0.221715898586	-0.169799763366	-0.165439745044	-0.409798045227	-0.266873268911	-0.266833018962	-0.316435976667	-0.337648487212	-0.374985090394	-0.417528279362	-0.411257416808	-0.37490092056	0.970365148904	0.919716282545	-0.678235129316	0.112055917001	1.04944460811	0.937440675721	
2.3499420303	2.14329899411	3	-0.206643036191	1.06031212448	1.04538914575	1.01066523084	1.00042017692	1.00047148936	1.0695337405	1.05685766534	1.09019439826	1.05829085742	1.05339021114	1.05827475136	1.05362912492	1.05083147052	1.03649305863	-0.0888227508244	-0.221820869763	-0.169839820391	-0.165511450858	-0.410319214323	-0.268324361379	-0.268348027098	-0.31795086404	-0.339163324682	-0.376690039592	-0.418228330635	-0.411801962449	-0.375766597306	0.966564034078	0.921179913566	-0.679635347365	0.111183559587	1.0475466757	0.937041934694	
2.7101178419	2.68027491974	3	-0.0298429221626	1.06051123184	1.04562381628	1.01071778738	1.0006863616	1.00074462543	1.07073238764	1.05759906954	1.09052037706	1.0589464009	1.05393976387	1.05915718033	1.05474933047	1.05195813667	1.03702593862	-0.0886466523878	-0.221622977845	-0.169439786563	-0.165200791765	-0.410099891398	-0.267237546073	-0.26710941841	-0.316622765567	-0.337823325211	-0.375346686276	-0.417561292195	-0.411265567807	-0.374951748261	0.968610847436	0.921432702024	-0.678559088185	0.111248869791	1.04854984463	0.936727577088	
1.78003711276	1.8259847866	3	0.0459476738437	1.06074464299	1.04553659053	1.01040492324	1.00061377705	1.00067622408	1.07074042511	1.05776655734	1.0907142047	1.05904581922	1.05406207631	1.05888375502	1.05464516195	1.05194028412	1.03713010322	-0.0887502174144	-0.221707583411	-0.169747383364	-0.165366442972	-0.4086185494	-0.267157838687	-0.267447653338	-0.316739073692	-0.337996898743	-0.375332892675	-0.416464799486	-0.410202016516	-0.374816215109	0.968992390957	0.920904060308	-0.677163845053	0.111353460276	1.04882611576	0.93786757354	
2.45804736462	2.13524714756	3	-0.322800217062	1.06031332271	1.04528072641	1.01005960073	1.0003584179	1.00037836192	1.06934278812	1.05606387945	1.08901773711	1.05763080448	1.05255381172	1.05781386374	1.05366449749	1.05069004344	1.03584640772	-0.0885836969646	-0.221475517433	-0.169448247627	-0.165155386569	-0.409345193727	-0.266622193858	-0.266556421052	-0.316099999423	-0.33740961625	-0.374752809748	-0.416867704794	-0.410611621954	-0.374484449268	0.96720727757	0.920976645082	-0.67855984162	0.111899145798	1.04851678219	0.938016907882	
2.4432094675	2.42150555049	3	-0.0217039170154	1.06011146758	1.04517292085	1.01011483544	1.00013398593	1.00024843797	1.07071107104	1.0576755063	1.09056022766	1.05907992743	1.05421964333	1.05951187034	1.05443079051	1.05180170183	1.03723405959	-0.0888154082508	-0.221718233177	-0.16973531659	-0.165382577714	-0.409984879471	-0.267436632109	-0.26764458231	-0.316987365474	-0.338365318277	-0.375725967396	-0.417941541541	-0.411513134951	-0.375216575759	0.968230506682	0.920807889371	-0.678873033824	0.111350751629	1.04812942549	0.938186664658	
2.73267488914	2.6930935725	3	-0.039581316642	1.06010039523	1.04519083858	1.01019496168	1.00029279804	1.00037381348	1.07063270238	1.05784271195	1.0906690605	1.05937896375	1.05429367327	1.05937269847	1.05458197	1.05182380084	1.03738330129	-0.0888223177592	-0.221654174419	-0.169777970228	-0.165430964414	-0.410177247798	-0.267412449881	-0.267402622132	-0.316763331092	-0.337913454737	-0.375290917057	-0.417778316003	-0.411573932733	-0.375222364334	0.967941546631	0.920861324721	-0.678863132354	0.111361703101	1.04851570258	0.936851146944	
2.63349723342	2.41258072408	3	-0.220916509342	1.0594941667	1.04457323268	1.0095434455	0.999559666105	0.999694718873	1.07048993416	1.05697734731	1.0897578901	1.05825215302	1.05330844862	1.05825548083	1.05450550164	1.05155066815	1.03692585337	-0.0889208678475	-0.222009769134	-0.169985315048	-0.165643788384	-0.411578257575	-0.267876769425	-0.267867906894	-0.317279758408	-0.338611261716	-0.376414583598	-0.419404555295	-0.412915868834	-0.376037364129	0.966482907182	0.919891518784	-0.681118759588	0.111888330819	1.04942156234	0.938379854379	
2.90472522511	3.07927421519	3	0.17454899008	1.06065530315	1.04567872151	1.01062386393	1.00073890723	1.00080417526	1.06989113135	1.05748912929	1.09043801458	1.05876286026	1.05381225222	1.05891316	1.05402631765	1.05137007189	1.03693480148	-0.0884339004346	-0.221055285314	-0.169159525452	-0.164824755166	-0.409562644268	-0.266035288071	-0.265635985867	-0.315488230418	-0.336636070837	-0.373939026404	-0.417036257597	-0.410805837322	-0.374245687735	0.969771123208	0.921058284103	-0.677919009886	0.11182672051	1.04767703575	0.937271269545	
1.55655243039	1.55824319315	3	0.00169076275584	1.05998816342	1.04509166328	1.01012176331	1.00011146562	1.00021831528	1.07083956902	1.05767367853	1.09058459992	1.0591302653	1.0542074686	1.05953500488	1.05491465152	1.05203270475	1.03726841373	-0.0889264536242	-0.221704139554	-0.169778204601	-0.165459618201	-0.409630017376	-0.267997970228	-0.267774201895	-0.317454373062	-0.338504149603	-0.376027908413	-0.41735715075	-0.411011504011	-0.375421956073	0.96947232524	0.920223214069	-0.677919162362	0.111491539811	1.04833109487	0.937335894682	
